[gd_scene load_steps=8 format=3 uid="uid://sfnbnggu7yw4"]

[ext_resource type="PackedScene" uid="uid://dah23q3w3fi3f" path="res://block.tscn" id="1_jg6u0"]
[ext_resource type="PackedScene" uid="uid://c1dpw06l8vv7h" path="res://player.tscn" id="2_slgdk"]
[ext_resource type="Environment" uid="uid://kqfrwtoqb42o" path="res://Resources/level_1_enviroment.tres" id="4_4ful5"]
[ext_resource type="PackedScene" uid="uid://6jis61t5rvkg" path="res://coin.tscn" id="5_d67v6"]

[sub_resource type="StandardMaterial3D" id="StandardMaterial3D_y01wq"]
albedo_color = Color(0.294118, 0.294118, 0.858824, 0.92549)
roughness = 0.0

[sub_resource type="BoxMesh" id="BoxMesh_u6g8n"]
material = SubResource("StandardMaterial3D_y01wq")
size = Vector3(10, 0.5, 10)

[sub_resource type="BoxShape3D" id="BoxShape3D_1gve0"]
size = Vector3(10, 0.5, 10)

[node name="Level1" type="Node3D"]

[node name="Floor" type="StaticBody3D" parent="."]
transform = Transform3D(1, 0, 0, 0, 0.999964, -0.00849965, 0, 0.00849965, 0.999964, 0, 0, 0)
metadata/_edit_group_ = true

[node name="MeshInstance3D" type="MeshInstance3D" parent="Floor"]
mesh = SubResource("BoxMesh_u6g8n")

[node name="CollisionShape3D" type="CollisionShape3D" parent="Floor"]
shape = SubResource("BoxShape3D_1gve0")

[node name="DirectionalLight3D" type="DirectionalLight3D" parent="."]
transform = Transform3D(1, 0, 0, 0, 0.707107, 0.707107, 0, -0.707107, 0.707107, 0, 7, 4)
shadow_enabled = true

[node name="Blocks" type="Node3D" parent="."]

[node name="Block1" parent="Blocks" instance=ExtResource("1_jg6u0")]
transform = Transform3D(0.986666, 0.0840956, -0.139352, -0.067406, 0.99043, 0.12044, 0.148147, -0.109441, 0.982891, 0, 3.84349, 0.80597)

[node name="Block2" parent="Blocks" instance=ExtResource("1_jg6u0")]
transform = Transform3D(1, 0, 0, 0, 0.700847, 0.713312, 0, -0.713312, 0.700847, -1.41111, 5.76079, -0.285474)

[node name="Block3" parent="Blocks" instance=ExtResource("1_jg6u0")]
transform = Transform3D(1, 0, 0, 0, 0.700847, 0.713312, 0, -0.713312, 0.700847, 1.70842, 5.29527, 0.967631)

[node name="Block4" parent="Blocks" instance=ExtResource("1_jg6u0")]
transform = Transform3D(0.933013, -0.00306469, -0.35983, 0.25, 0.724749, 0.642058, 0.258819, -0.689006, 0.676966, 0.356725, 5.83774, 0.397916)

[node name="Player" parent="." instance=ExtResource("2_slgdk")]
transform = Transform3D(1, 0, 0, 0, 1, 0, 0, 0, 1, -2.99398, 0.863368, -3.0009)

[node name="Coin1" parent="." instance=ExtResource("5_d67v6")]
transform = Transform3D(1, 0, 0, 0, 1, 0, 0, 0, 1, -3.08481, 0.833152, 0)

[node name="WorldEnvironment" type="WorldEnvironment" parent="."]
environment = ExtResource("4_4ful5")
